144 254
144 270
146 286
152 302
160 317
170 333
180 347
192 359
210 363
231 359
254 347
274 333
292 315
303 294
309 270
310 244
310 218
138 234
142 227
150 225
159 224
169 224
190 216
205 209
223 205
241 205
259 210
179 234
178 244
176 254
174 265
171 282
177 284
184 285
194 281
203 277
149 249
154 244
163 240
173 241
165 246
157 249
211 232
218 227
228 226
240 226
230 230
221 232
177 316
176 306
182 300
188 301
195 298
212 300
230 304
216 317
203 324
195 326
188 327
181 324
180 315
184 308
190 308
198 306
225 306
199 312
192 314
185 314
